관광지이름,관광기간,만족도,지출비용평가점수,이동비율평가점수,만족도평가점수,평가점수총합,평균점수,평가순위,관광지횟수
강원도고성,2,4.5,4,2,4.5,10.5,3.5,10,1
경주,5,10.0,10,7,10.0,27.0,9.0,5,2
구일역,1,1.0,5,5,1.0,11.0,3.67,9,1
대부도,2,4.0,4,5,4.0,13.0,4.33,3,1
동해시종합버스터미널,2,5.0,4,3,5.0,12.0,4.0,5,1
부산,3,4.0,4,4,4.0,12.0,4.0,5,1
부평역,1,1.0,1,5,1.0,7.0,2.33,14,1
서울역,4,3.0,3,2,3.0,8.0,2.67,13,1
속초,2,5.0,3,2,5.0,10.0,3.33,12,1
신라호텔,1,5.0,1,2,5.0,8.0,2.67,13,1
여수엑스포,3,3.0,3,2,3.0,8.0,2.67,13,1
여의나루한강공원,1,5.0,5,5,5.0,15.0,5.0,1,1
을왕리,3,3.0,4,5,3.0,12.0,4.0,5,1
인왕산,1,3.4,5,3,3.4,11.4,3.8,7,1
전주한옥마을,2,4.3,4,3,4.3,11.3,3.77,8,1
제주도,15,13.0,6,15,13.0,34.0,11.34,23,3
지리산,2,4.7,5,2,4.7,11.7,3.9,6,1
진해,1,4.0,2,2,4.0,8.0,2.67,13,1
평창,3,4.3,4,2,4.3,10.3,3.43,11,1
홍천비발디파크,2,4.8,4,4,4.8,12.8,4.27,4,1
